<?xml version="1.0" encoding="UTF-8" standalone="no"?>
<!DOCTYPE svg PUBLIC "-//W3C//DTD SVG 20010904//EN"
              "http://www.w3.org/TR/2001/REC-SVG-20010904/DTD/svg10.dtd">

<svg xmlns="http://www.w3.org/2000/svg"
     width="10.4181in" height="10.4181in"
     viewBox="0 0 1000 1000">
  <path id="Selection"
        fill="none" stroke="black" stroke-width="1"
        d="M 1000.00,0.00
           C 1000.00,0.00 1000.00,1000.00 1000.00,1000.00
             1000.00,1000.00 0.00,1000.00 0.00,1000.00
             0.00,1000.00 0.00,0.00 0.00,0.00
             0.00,0.00 1000.00,0.00 1000.00,0.00 Z
           M 594.00,247.70
           C 581.82,242.76 566.96,238.67 554.00,236.45
             554.00,236.45 539.00,234.39 539.00,234.39
             539.00,234.39 500.00,231.00 500.00,231.00
             500.00,231.00 472.26,230.47 472.26,230.47
             472.26,230.47 444.00,230.47 444.00,230.47
             444.00,230.47 438.00,230.47 438.00,230.47
             438.00,230.47 418.00,230.47 418.00,230.47
             418.00,230.47 401.00,230.47 401.00,230.47
             401.00,230.47 391.91,230.47 391.91,230.47
             391.91,230.47 383.00,230.47 383.00,230.47
             383.00,230.47 360.09,230.47 360.09,230.47
             360.09,230.47 336.00,230.47 336.00,230.47
             336.00,230.47 317.96,231.72 317.96,231.72
             317.96,231.72 302.00,235.00 302.00,235.00
             296.64,239.72 280.21,244.98 279.00,257.00
             275.71,259.52 274.93,264.15 273.61,267.96
             269.77,279.10 270.12,294.26 270.00,306.00
             270.00,306.00 269.33,316.72 269.33,316.72
             269.33,316.72 269.91,331.00 269.91,331.00
             269.91,331.00 269.91,392.00 269.91,392.00
             269.91,392.00 269.91,410.00 269.91,410.00
             269.91,410.00 269.91,461.00 269.91,461.00
             269.91,461.00 269.40,472.00 269.40,472.00
             269.40,472.00 269.97,494.00 269.97,494.00
             269.97,494.00 269.97,554.00 269.97,554.00
             269.97,554.00 269.97,567.99 269.97,567.99
             269.97,567.99 269.41,575.51 269.41,575.51
             269.41,575.51 270.00,603.00 270.00,603.00
             270.00,603.00 270.00,705.00 270.00,705.00
             270.00,705.00 270.93,715.00 270.93,715.00
             272.65,733.62 277.76,751.37 295.09,761.48
             302.92,766.06 321.81,768.99 331.00,769.00
             331.00,769.00 504.00,769.00 504.00,769.00
             530.41,768.75 556.98,763.85 582.17,756.26
             590.11,753.86 598.36,750.47 605.80,746.85
             610.05,744.79 611.89,742.15 617.00,742.00
             617.00,742.00 619.00,741.00 619.00,741.00
             621.91,737.67 628.65,732.82 633.00,732.00
             633.00,732.00 637.00,729.00 637.00,729.00
             637.00,729.00 657.91,709.72 657.91,709.72
             657.91,709.72 671.76,694.43 671.76,694.43
             676.18,689.82 685.90,678.02 687.00,672.00
             687.00,672.00 689.00,672.00 689.00,672.00
             689.00,672.00 698.53,654.00 698.53,654.00
             704.12,642.93 708.61,631.78 712.73,620.09
             718.90,602.55 723.22,583.41 725.86,565.00
             725.86,565.00 728.17,540.00 728.17,540.00
             729.27,528.69 730.67,517.43 730.26,506.00
             730.26,506.00 730.26,491.00 730.26,491.00
             730.26,491.00 729.56,471.00 729.56,471.00
             729.32,449.71 722.48,411.46 716.38,391.00
             711.69,375.26 705.25,359.64 697.72,345.09
             697.72,345.09 690.85,332.17 690.85,332.17
             688.90,328.97 685.74,325.65 685.00,322.00
             685.00,322.00 682.00,321.00 682.00,321.00
             682.00,321.00 683.00,319.00 683.00,319.00
             683.00,319.00 675.00,308.00 675.00,308.00
             675.00,308.00 649.87,282.45 649.87,282.45
             649.87,282.45 626.00,264.16 626.00,264.16
             626.00,264.16 614.00,256.00 614.00,256.00
             614.00,256.00 612.00,257.00 612.00,257.00
             608.36,252.08 599.59,249.96 594.00,247.70 Z
           M 593.00,462.69
           C 593.00,462.69 577.00,457.66 577.00,457.66
             577.00,457.66 500.00,436.37 500.00,436.37
             476.64,430.53 467.56,428.53 445.00,418.85
             435.53,414.79 425.88,410.65 418.09,403.68
             407.32,394.04 400.34,380.61 400.34,366.00
             400.34,345.07 417.48,323.99 437.00,317.60
             442.09,315.93 446.74,315.96 452.00,316.00
             452.00,316.00 473.00,317.00 473.00,317.00
             490.42,317.16 525.00,322.25 541.04,328.55
             546.78,330.81 558.55,336.73 563.41,340.34
             567.00,343.00 572.29,349.07 576.00,350.00
             576.00,350.00 579.00,353.00 579.00,353.00
             579.00,353.00 588.34,366.00 588.34,366.00
             588.34,366.00 602.00,386.00 602.00,386.00
             602.18,390.19 604.28,394.87 607.00,398.00
             607.00,398.00 609.77,409.00 609.77,409.00
             609.77,409.00 614.54,429.00 614.54,429.00
             614.54,429.00 618.83,461.00 618.83,461.00
             618.83,461.00 620.00,474.00 620.00,474.00
             620.00,474.00 593.00,462.69 593.00,462.69 Z
           M 404.00,506.80
           C 404.00,506.80 428.00,515.97 428.00,515.97
             428.00,515.97 537.00,545.66 537.00,545.66
             559.48,552.68 580.89,562.42 593.95,583.00
             595.63,585.65 598.60,590.17 599.53,593.00
             600.70,596.52 601.99,604.47 601.06,608.00
             599.88,612.48 596.25,617.16 596.00,621.00
             596.00,621.00 594.00,621.00 594.00,621.00
             594.00,621.00 595.00,623.00 595.00,623.00
             595.00,623.00 594.00,625.00 594.00,625.00
             594.00,625.00 588.91,631.00 588.91,631.00
             588.91,631.00 580.00,645.00 580.00,645.00
             580.00,645.00 566.00,659.00 566.00,659.00
             566.00,659.00 560.00,664.00 560.00,664.00
             560.00,664.00 558.00,663.00 558.00,663.00
             558.00,663.00 558.00,665.00 558.00,665.00
             558.00,665.00 555.00,667.00 555.00,667.00
             555.00,667.00 552.00,669.00 552.00,669.00
             552.00,669.00 550.00,668.00 550.00,668.00
             550.00,668.00 550.00,670.00 550.00,670.00
             550.00,670.00 535.96,675.14 535.96,675.14
             535.96,675.14 506.00,681.84 506.00,681.84
             506.00,681.84 455.00,683.00 455.00,683.00
             455.00,683.00 379.00,683.00 379.00,683.00
             379.00,683.00 379.00,496.00 379.00,496.00
             388.56,501.05 394.26,502.90 404.00,506.80 Z" />
</svg>
